[ 미로 구조 예시 ]

- 가로 x 세로 (시작점 x, y) ~ (도착점 x, y)

30x30 (0, 0) ~ (28, 28)
1 1 1 1 1 1 1 0 1 1 1 0 1 1 1 1 1 1 1 0 1 1 1 1 1 0 1 1 1 0
0 0 0 0 0 0 1 0 1 0 0 0 1 0 0 0 1 0 1 0 0 0 1 0 1 0 1 0 1 0
1 1 1 1 1 0 1 0 1 0 1 1 1 0 1 1 1 0 1 1 1 1 1 0 1 0 1 0 1 0
1 0 0 0 1 0 1 0 1 0 1 0 0 0 1 0 0 0 0 0 0 0 0 0 1 0 1 0 1 0
1 1 1 0 1 1 1 0 1 1 1 1 1 0 1 1 1 0 1 1 1 1 1 0 1 0 1 0 1 0
0 0 1 0 0 0 0 0 0 0 0 0 0 0 0 0 1 0 1 0 1 0 0 0 1 0 0 0 1 0
1 1 1 0 1 1 1 1 1 1 1 0 1 1 1 1 1 0 1 0 1 1 1 0 1 1 1 1 1 0
1 0 0 0 1 0 0 0 0 0 1 0 1 0 0 0 0 0 0 0 0 0 1 0 0 0 0 0 1 0
1 0 1 1 1 0 1 1 1 0 1 1 1 0 1 1 1 1 1 1 1 1 1 0 1 1 1 1 1 0
1 0 1 0 0 0 1 0 0 0 0 0 0 0 0 0 0 0 1 0 1 0 0 0 1 0 0 0 0 0
1 0 1 1 1 0 1 1 1 1 1 1 1 1 1 0 1 1 1 0 1 0 1 1 1 0 1 1 1 0
1 0 0 0 1 0 1 0 1 0 0 0 0 0 1 0 1 0 0 0 0 0 1 0 0 0 0 0 1 0
1 0 1 1 1 0 1 0 1 0 1 1 1 1 1 1 1 0 1 1 1 0 1 0 1 1 1 1 1 0
1 0 1 0 0 0 0 0 1 0 1 0 0 0 0 0 0 0 1 0 1 0 1 0 0 0 1 0 1 0
1 1 1 0 1 1 1 1 1 0 1 0 1 1 1 1 1 0 1 0 1 0 1 0 1 1 1 0 1 0
0 0 0 0 1 0 0 0 0 0 1 0 1 0 0 0 1 0 1 0 1 0 1 0 1 0 0 0 1 0
1 1 1 1 1 0 1 1 1 0 1 0 1 0 1 0 1 1 1 0 1 0 1 1 1 0 1 0 1 0
1 0 1 0 0 0 1 0 0 0 1 0 1 0 1 0 0 0 0 0 1 0 0 0 0 0 1 0 1 0
1 0 1 1 1 0 1 0 1 1 1 0 1 0 1 1 1 1 1 0 1 1 1 1 1 1 1 1 1 0
1 0 0 0 1 0 1 0 1 0 0 0 1 0 0 0 1 0 1 0 0 0 0 0 0 0 0 0 0 0
1 0 1 1 1 0 1 1 1 0 1 0 1 1 1 0 1 0 1 1 1 0 1 1 1 1 1 1 1 0
1 0 1 0 0 0 1 0 0 0 1 0 0 0 1 0 1 0 0 0 1 0 0 0 0 0 0 0 1 0
1 0 1 1 1 0 1 1 1 1 1 0 1 1 1 0 1 0 1 0 1 1 1 1 1 0 1 1 1 0
0 0 0 0 1 0 1 0 0 0 0 0 1 0 0 0 1 0 1 0 0 0 0 0 1 0 1 0 1 0
1 1 1 1 1 0 1 0 1 1 1 1 1 0 1 1 1 0 1 1 1 0 1 1 1 0 1 0 1 0
1 0 0 0 0 0 1 0 1 0 0 0 0 0 0 0 1 0 0 0 1 0 1 0 0 0 1 0 1 0
1 0 1 1 1 0 1 0 1 0 1 1 1 1 1 0 1 0 1 1 1 0 1 1 1 1 1 0 1 0
1 0 1 0 1 0 0 0 1 0 1 0 0 0 1 0 1 0 1 0 0 0 0 0 0 0 0 0 1 0
1 1 1 0 1 1 1 1 1 1 1 0 1 1 1 1 1 0 1 1 1 1 1 1 1 1 1 1 1 0
0 0 0 0 0 0 0 0 0 0 0 0 0 0 0 0 0 0 0 0 0 0 0 0 0 0 0 0 0 0

25x25 (0, 0) ~ (6, 0) / (14, 4) (해답 없음)
1 0 1 1 1 1 1 0 1 1 1 1 1 1 1 1 1 1 1 1 1 1 1 1 1
1 0 1 0 0 0 0 0 1 0 0 0 0 0 0 0 0 0 1 0 0 0 0 0 1
1 0 1 1 1 1 1 1 1 0 1 1 1 1 1 1 1 0 1 0 1 1 1 1 1
1 0 1 0 0 0 0 0 0 0 1 0 0 0 0 0 1 0 1 0 0 0 0 0 0
1 0 1 1 1 1 1 1 1 0 1 0 1 1 1 0 1 0 1 1 1 1 1 1 1
1 0 0 0 0 0 0 0 1 0 1 0 1 0 0 0 1 0 0 0 0 0 0 0 1
1 1 1 1 1 1 1 0 1 0 1 1 1 0 1 1 1 1 1 1 1 0 1 1 1
0 0 1 0 1 0 0 0 1 0 0 0 1 0 1 0 0 0 0 0 0 0 1 0 1
1 1 1 0 1 1 1 0 1 1 1 0 1 0 1 1 1 1 1 1 1 0 1 0 1
1 0 0 0 0 0 1 0 0 0 1 0 0 0 0 0 0 0 0 0 1 0 1 0 1
1 1 1 0 1 1 1 1 1 0 1 1 1 1 1 1 1 1 1 0 1 0 1 0 1
0 0 1 0 1 0 0 0 0 0 0 0 0 0 0 0 0 0 1 0 1 0 1 0 0
1 0 1 0 1 1 1 0 1 1 1 1 1 1 1 1 1 0 1 0 1 0 1 1 1
1 0 1 0 0 0 1 0 1 0 1 0 0 0 0 0 0 0 1 0 0 0 0 0 1
1 1 1 0 1 1 1 0 1 0 1 1 1 1 1 0 1 1 1 0 1 1 1 0 1
1 0 0 0 1 0 1 0 1 0 0 0 0 0 1 0 1 0 0 0 1 0 1 0 1
1 1 1 0 1 0 1 0 1 1 1 1 1 0 1 1 1 0 1 1 1 0 1 1 1
0 0 1 0 1 0 0 0 1 0 0 0 0 0 1 0 0 0 1 0 0 0 0 0 1
1 0 1 0 1 0 1 1 1 0 1 1 1 0 1 1 1 0 1 0 1 1 1 1 1
1 0 1 0 1 0 1 0 0 0 1 0 1 0 0 0 0 0 1 0 1 0 0 0 0
1 0 1 0 1 1 1 1 1 0 1 0 1 1 1 1 1 1 1 0 1 0 1 1 1
1 0 1 0 0 0 0 0 0 0 1 0 0 0 0 0 0 0 1 0 1 0 0 0 1
1 0 1 1 1 1 1 1 1 0 1 0 1 1 1 1 1 1 1 0 1 1 1 1 1
1 0 0 0 0 0 0 0 1 0 1 0 1 0 0 0 0 0 1 0 0 0 0 0 1
1 1 1 1 1 1 1 1 1 1 1 0 1 1 1 1 1 0 1 1 1 1 1 1 1

16x16 (0, 0) ~ (15, 15)
1 1 1 1 0 1 1 1 1 1 1 1 0 1 1 1
1 0 0 1 0 1 0 0 0 0 0 1 0 1 0 1
1 1 0 1 1 1 1 1 1 1 0 1 0 1 0 0
0 1 0 0 0 0 0 0 0 1 0 1 1 1 0 1
1 1 1 1 1 1 1 0 1 1 0 0 0 1 0 1
0 1 0 0 0 0 1 0 0 0 0 1 1 1 1 1
1 1 1 1 1 1 1 1 1 1 0 0 0 0 0 0
1 0 0 0 1 0 0 0 0 1 1 0 1 1 1 0
1 1 1 1 1 1 1 1 0 0 0 0 1 0 1 1
0 0 1 0 0 0 0 1 1 0 1 0 1 0 0 1
1 1 1 0 1 0 0 0 1 1 1 0 1 0 1 1
1 0 0 0 1 1 1 0 0 0 0 0 1 0 1 0
1 0 1 1 1 0 1 1 0 1 0 0 1 0 1 0
1 1 1 0 0 0 0 1 0 1 1 1 1 0 1 1
0 1 0 0 1 1 0 1 0 0 0 1 0 0 0 1
1 1 1 1 1 0 0 1 1 1 1 1 1 1 0 1

10x10 (0, 0) ~ (9, 0)
1 0 0 1 0 1 0 0 0 1
1 1 1 1 1 1 0 1 1 1
1 0 1 0 0 0 1 1 0 0
1 1 1 1 1 0 1 0 0 1
1 0 0 0 1 0 1 1 1 1
1 1 0 0 0 1 0 0 0 1
0 1 1 1 1 1 1 1 1 1
0 0 0 0 0 1 0 0 0 1
1 1 1 1 0 1 0 0 1 1
0 0 0 1 1 1 1 1 1 1

10x10 (0, 9) ~ (3, 0)
1 0 0 1 1 1 0 0 1 0
1 1 1 0 0 1 0 0 1 1
0 0 1 0 0 1 1 1 1 0
1 1 1 1 0 1 0 0 1 1
1 0 0 1 1 1 0 1 1 0
1 1 1 1 0 1 0 1 0 0
0 0 0 0 0 1 0 1 1 1
1 1 1 1 1 1 0 0 0 1
1 0 0 0 1 0 0 0 0 1
1 1 1 1 1 1 1 1 1 1

7x7 (0, 0) ~ (6, 6)
1 1 1 1 0 1 1
1 0 0 1 0 1 0
1 1 0 1 1 1 1
0 1 0 0 0 0 0
1 1 1 1 0 1 1
0 1 0 0 0 0 1
1 1 1 1 1 1 1

7x7 (2, 2) ~ (6, 6)
1 1 1 0 0 0 0
1 0 1 0 0 0 0
1 0 1 1 1 1 1
1 0 1 0 0 0 1
1 0 1 0 1 1 1
1 0 1 1 1 0 0
1 1 1 1 1 1 1